Euro Million Lottery Tickets     Date 18/04/2014  Time: 19:56:37
==================================================================
         0)	24	26	36	40	42	1	9
         1)	7	14	25	29	46	7	11
         2)	1	23	24	32	37	3	7
         3)	9	23	34	35	38	2	7
         4)	22	25	27	46	50	7	11
====================================================================
UK Lottery Tickets numbers       Date 18/04/2014  Time: 19:57:04
==================================================================
         0)	8	9	14	23	30	35
         1)	2	12	15	16	25	50
         2)	8	21	32	42	48	50
         3)	3	11	17	23	23	23
         4)	9	23	31	32	48	49
         5)	6	15	16	16	29	47
         6)	6	23	24	32	39	46
         7)	13	14	16	17	24	44
====================================================================
UK Thunder Ball Lottery Ticket   Date 18/04/2014  Time: 19:57:30
==================================================================
         0)	3	30	33	33	36	48
         1)	4	15	19	32	42	47
         2)	5	7	21	22	24	47
         3)	15	25	28	31	47	49
         4)	3	26	32	34	45	48
         5)	1	14	16	35	37	50
         6)	1	6	10	14	17	47
         7)	2	17	26	29	30	34
====================================================================
US Lotter Tickets numbers        Date 18/04/2014  Time: 19:57:51
==================================================================
         0)	12	13	27	28	37	47
         1)	8	13	15	26	42	42
         2)	2	5	7	12	30	32
         3)	4	8	10	21	47	48
         4)	5	13	21	23	30	40
         5)	5	15	29	39	42	44
         6)	6	16	20	28	39	48
         7)	25	29	31	34	42	46
         8)	1	11	15	28	39	42
====================================================================
Mexico City  Lottery Tickets     Date 18/04/2014  Time: 19:58:59
==================================================================
         0)	6	33	37	38	42	46
         1)	5	14	17	25	38	49
         2)	9	9	12	25	38	45
         3)	4	11	14	28	34	39
         4)	6	18	29	32	32	42
         5)	12	15	22	22	24	31
         6)	9	11	26	36	41	45
====================================================================
UK Lottery Tickets numbers       Date 18/04/2014  Time: 22:52:48
==================================================================
         0)	1	11	12	20	22	33
         1)	5	11	12	33	36	45
         2)	11	12	29	33	35	41
         3)	11	12	22	33	35	44
         4)	10	11	12	28	33	39
         5)	4	11	11	12	30	33
====================================================================
Euro Million Lottery Tickets     Date 18/04/2014  Time: 23:33:28
==================================================================
         0)	1	15	26	30	47	1	11
         1)	17	18	30	44	48	2	9
         2)	2	4	21	23	28	3	4
         3)	3	7	11	18	46	1	2
         4)	11	21	32	36	36	4	5
         5)	3	8	18	34	40	8	10
         6)	1	7	26	29	48	8	9
         7)	1	11	38	46	49	3	6
         8)	10	19	39	46	49	7	8
         9)	13	29	37	42	46	2	3
====================================================================
Euro Million Lottery Tickets     Date 19/04/2014  Time: 17:00:49
==================================================================
         0)	17	26	28	47	48	2	3
         1)	5	12	20	39	44	1	10
         2)	15	20	21	29	35	9	11
         3)	3	7	15	18	48	3	6
         4)	3	11	24	41	42	2	6
====================================================================
Euro Million Lottery Tickets     Date 21/04/2014  Time: 15:46:30
==================================================================
         0)	1	11	15	16	16	7	9
         1)	1	3	9	29	33	3	11
         2)	2	8	16	24	41	5	11
         3)	13	17	20	33	50	5	5
====================================================================
UK Lottery Tickets numbers       Date 21/04/2014  Time: 15:46:47
==================================================================
         0)	2	4	22	27	43	46
         1)	5	12	13	22	36	41
         2)	3	14	22	27	46	50
         3)	1	12	22	30	42	45
====================================================================
Mexico City  Lottery Tickets     Date 21/04/2014  Time: 15:46:59
==================================================================
         0)	21	22	36	40	46	49
         1)	11	20	24	41	50	50
         2)	4	4	23	33	40	41
         3)	2	2	7	19	34	34
         4)	7	17	26	35	37	48
         5)	6	9	30	43	46	46
====================================================================
Euro Million Lottery Tickets     Date 22/04/2014  Time: 23:43:08
==================================================================
         0)	19	26	32	42	43	3	3
         1)	5	26	43	46	47	11	11
         2)	1	38	38	43	44	7	9
         3)	6	13	22	34	47	9	10
====================================================================
Euro Million Lottery Tickets     Date 22/04/2014  Time: 23:44:53
==================================================================
         0)	2	5	6	31	44	1	4
         1)	7	28	42	42	45	9	10
====================================================================
Mexico City  Lottery Tickets     Date 22/04/2014  Time: 23:45:22
==================================================================
         0)	6	14	14	22	27	47
         1)	3	9	17	22	35	37
         2)	5	21	22	24	47	47
         3)	11	22	28	29	30	46
====================================================================
Euro Million Lottery Tickets     Date 23/04/2014  Time: 00:03:12
==================================================================
         0)	11	12	22	44	47	4	5
         1)	11	12	22	44	45	4	6
         2)	11	12	22	27	44	6	11
         3)	11	12	22	39	44	2	10
         4)	11	12	20	22	44	1	11
         5)	11	12	22	37	44	4	4
====================================================================
UK Lottery Tickets numbers       Date 23/04/2014  Time: 00:03:31
==================================================================
         0)	1	21	28	34	38	50
         1)	15	15	15	27	40	45
         2)	12	16	26	35	41	47
         3)	5	7	23	26	38	38
         4)	12	22	31	40	41	44
         5)	6	13	15	24	29	35
         6)	2	8	9	31	42	44
====================================================================
Euro Million Lottery Tickets     Date 05/07/2014  Time: 23:09:36
==================================================================
         0)	3	7	11	18	45	2	3
         1)	3	15	17	21	29	4	7
         2)	7	24	31	33	36	2	10
         3)	23	24	26	26	41	6	11
         4)	8	18	20	25	37	1	4
====================================================================
